1E-05 9.9999E-06 9.9999000005E-06
7.09742532601469E-05 7.09692160277313E-05 7.09692160942777E-05
0.000130094857808339 0.000130077934126407 0.000130077934237169
0.000202511164091928 0.000202470157301762 0.000202470157472635
0.000290901818196663 0.000290817206381063 0.000290817206636258
0.000395883441239589 0.000395726748189148 0.000395726748558606
0.000517400645580438 0.000517133010877284 0.000517133011395411
0.000655157600141973 0.00065472850853255 0.000654728509237381
0.000808778683699289 0.000808124824256499 0.000808124825189137
0.000977872305266416 0.000976916537201895 0.000976916538406142
0.00116205674342133 0.00116070715032714 0.00116070715184926
0.0013609702169296 0.0013591192349597 0.00135911923684832
0.00157427414456917 0.00157179775295016 0.00157179775525619
0.00180165340622473 0.00179841037073957 0.00179841037351626
0.00204281530367067 0.00203864646553229 0.0020386464688353
0.00229748800500002 0.00229221560892741 0.00229221561281497
0.00256541884178564 0.00255884589819456 0.00255884590272762
0.0028463726319909 0.0028382823090799 0.00283828231432235
0.00314013010597542 0.00313028514817835 0.00313028515419731
0.00344648646554872 0.00343462863537672 0.00343462864224281
0.00376525008242288 0.00375109962316403 0.00375109963095168
0.00409624133105209 0.00407949644815851 0.00407949645694635
0.00443929154571038 0.00441962790499948 0.00441962791487073
0.00479424208991133 0.00477131233095262 0.00477131234199547
0.00516094352601532 0.00513437678927849 0.00513437680158661
0.00553925487359572 0.00550865634010682 0.00550865635377978
0.00592904294608098 0.00589399338847821 0.00589399340362201
0.00633018175632213 0.00629023710032552 0.00629023711705316
0.00674255198281048 0.00669724287822529 0.00669724289665729
0.00716604048932163 0.00711487188978523 0.00711487191005025
0.00760053989164169 0.00754299064240228 0.00754299066463775
0.00804594816587575 0.00798147059895908 0.00798147062331181
0.00850216829354335 0.00843018782972295 0.00843018785634988
0.00896910793926957 0.00888902269630817 0.00888902272537702
0.00944667915747112 0.00935785956414634 0.00935785959583637
0.00993479812481404 0.00983658654028238 0.00983658657478518
0.0104333848956913 0.0103250952337803 0.0103250952713006
0.0109423631782966 0.0108232805363468 0.0108232805771031
0.0114616601291607 0.0113310404210671 0.0113310404652929
0.0119912061642459 0.0118482757573759 0.0118482758053202
0.0125309347849901 0.0123748901406757 0.0123748901926042
0.013080782417808 0.0129107897351317 0.0129107897913277
0.0136406882657801 0.0134558831283937 0.0134558831891588
0.0142105941713599 0.0140100811970897 0.0140100812627452
0.0147904444891144 0.0145732969821245 0.0145732970530122
0.0153801859675504 0.0151454455728476 0.0151454456493307
0.0159797676392593 0.0157264439993367 0.0157264440818015
0.0165891407186257 0.016316211132054 0.0163162112209104
0.0172082585064686 0.0169146675882537 0.0169146676839366
0.0178370763010153 0.017521735644552 0.0175217357475226
0.0184755513147026 0.0181373391551609 0.0181373392659078
0.01912364259634 0.0187614034753311 0.0187614035943715
0.0197813109581446 0.0193938553895208 0.0193938555174019
0.0204485189073757 0.0200346230440225 0.0200346231813228
0.0211252305821026 0.0206836358835924 0.020683636030923
0.0218114116908773 0.0213408245918559 0.0213408247498621
0.0225070294559531 0.0220061210351393 0.0220061212045016
0.0232120525598699 0.0226794582095485 0.0226794583909845
0.0239264510950739 0.0233607701909738 0.0233607703852394
0.0246501965164 0.0240499920878489 0.02404999229574
0.0253832615962768 0.0247470599965271 0.024747060218881
0.0261256203823009 0.0254519109589313 0.0254519111966284
0.0268772481572317 0.0261644829225249 0.0261644831764904
0.0276381214010791 0.0268847147022848 0.0268847149734902
0.028408217755226 0.0276125459446194 0.0276125462340842
0.0291875159884313 0.0283479170930797 0.0283479174018735
0.0299759959646012 0.0290907693557561 0.0290907696849998
0.030773638612223 0.0298410446742538 0.0298410450251219
0.0315804258953319 0.0305986856941252 0.0305986860678473
0.0323963407859513 0.0313636357366958 0.0313636361345589
0.0332213672378932 0.0321358387721776 0.0321358391955276
0.0340554901618721 0.032915239394021 0.032915239844265
0.0348986954017956 0.0337017827943736 0.0337017832729816
0.0357509697122347 0.0344954147406486 0.0344954152491559
0.0366123007369464 0.0352960815530781 0.035296082093087
0.0374826769884315 0.0361037300832343 0.0361037306564167
0.0383620878284449 0.0369183076934393 0.0369183083015384
0.0392505234494319 0.037739762237036 0.0377397628818689
0.0401479748568011 0.0385680420394343 0.0385680427228939
0.0410544338520514 0.0394030958799478 0.0394030966040054
0.0419698930166277 0.0402448729743021 0.0402448737410096
0.0428943456965265 0.0410933229578326 0.0410933237693248
0.0438277859876155 0.0419483958693367 0.0419483967278339
0.044770208721594 0.0428100421355103 0.0428100430433208
0.0457216094526038 0.0436782125559776 0.0436782135155001
0.0466819844443737 0.0445528582888031 0.0445528593025293
0.047651330658046 0.0454339308366216 0.0454339319071386
0.048629645740414 0.0463213820331354 0.0463213831631288
0.04961692801277 0.0472151640301612 0.0472151652224174
0.0506131764602137 0.048115229285086 0.0481152305424953
0.0516183907214285 0.0490215305487392 0.0490215318742982
0.0526325710788903 0.0499340208536468 0.0499340222504617
0.0536557184495268 0.0508526535026823 0.0508526549739714
0.0546878343757858 0.0517773820580757 0.0517773836071725
0.0557289210170722 0.0527081603307432 0.0527081619610996
0.0567789811415802 0.0536449423699596 0.0536449440851486
0.0578380181184642 0.0545876824533222 0.0545876842570413
0.0589060359103761 0.055536335077029 0.0555363369731031
0.0599830390663131 0.0564908549464203 0.0564908569388052
0.0610690327147683 0.0574511969667769 0.0574511990595622
0.0621640225572136 0.0584173162343974 0.0584173184318103
0.063268014861849 0.0593891680278986 0.0593891703343068
0.0643810164576271 0.0603667077997414 0.0603667102196568
0.0655030347285657 0.0613498911679979 0.06134989370608
0.0666340776083155 0.062338673908324 0.0623386765693834
0.067774153574937 0.0633330119461001 0.0633330147351023
0.0689232716459633 0.0643328613488054 0.0643328642708743
0.0700814413736254 0.0653381783185161 0.0653381813789376
0.0712486728403985 0.066348919184665 0.0663489223888911
0.0724249766546313 0.0673650403968562 0.0673650437505085
0.0736103639464937 0.0683864985179355 0.0683865020268096
0.0748048463640627 0.069413250217163 0.0694132538872318
0.076008436069587 0.0704452522635186 0.0704452561009367
0.0772211457359856 0.0714824615191905 0.0714824655302984
0.07844298854343 0.0725248349331144 0.0725248391244425
0.0796739781761974 0.0735723295347255 0.0735723339129984
0.0809141288196609 0.074624902427805 0.0746249069999455
0.0821634551573446 0.0756825107843615 0.0756825155574955
0.0834219723682715 0.0767451118387408 0.0767451168202013
0.0846896961243593 0.0778126628817528 0.0778126680790845
0.0859666425879605 0.0788851212548995 0.0788851266758635
0.0872528284096326 0.0799624443447749 0.0799624499973532
0.0885482707259065 0.0810445895774402 0.0810445954698404
0.0898529871572899 0.0821315144129733 0.0821315205536335
0.091166995806343 0.083223176340057 0.0832231827376505
0.0924903152558512 0.0843195328706234 0.0843195395340638
0.0938229645671414 0.0854205415345959 0.0854205484730421
0.0951649632785583 0.0865261598747395 0.0865261670976006
0.0965163314039857 0.0876363454415249 0.0876363529584656
0.097877089431407 0.0887510557880014 0.088751063608947
0.0992472583217334 0.0898702484648658 0.0898702566000079
0.100626859507598 0.0909938810154794 0.0909938894752809
0.102015914892234 0.0921219109709312 0.0921219197661319
0.103414446848559 0.0932542958452423 0.0932543049868647
0.104822478218201 0.094390993130499 0.0943910026298538
0.106240032310722 0.0955319602921271 0.0955319701608187
0.107667132902894 0.0966771547641778 0.0966771650141105
0.109103804237979 0.0978265339445952 0.097826544587979
0.110550071025147 0.0989800551905725 0.0989800662399291
0.112005958438991 0.100137675813957 0.100137687282125
0.113471492119011 0.101299353076614 0.101299364976759
0.114946698169255 0.102465044185885 0.102465056531499
0.11643160315803 0.10363470629008 0.103634719094993
0.117926234117572 0.104808296473918 0.104808309752303
0.119430618543839 0.105985771754029 0.10598578552041
0.120944784396368 0.107167089074504 0.107167103343761
0.122468760098169 0.108352205302431 0.108352220089804
0.124002574535655 0.109541077223444 0.109541092544547
0.125546257058594 0.110733661537274 0.110733677408096
0.127099837480192 0.111929914853369 0.111929931290283
0.128663346077119 0.113129793686455 0.113129810706225
0.130236813589629 0.114333254452147 0.114333272071936
0.131820271221702 0.115540253462555 0.115540271699932
0.133413750641178 0.116750746921868 0.116750765794814
0.135017283980034 0.11796469092202 0.117964710448937
0.136630903834523 0.119182041438242 0.119182061637963
0.13825464326552 0.120402754324745 0.120402775216536
0.139888535798681 0.121626785310247 0.121626806913822
0.141532615424825 0.122854089993654 0.122854112329176
0.143186916600216 0.124084623839641 0.124084646927735
0.144851474246871 0.125318342174249 0.12531836603601
0.146526323752893 0.126555200180476 0.126555224837474
0.148211500972864 0.127795152893905 0.127795178368198
0.149907042228075 0.129038155198197 0.129038181512337
0.151612984306976 0.130284161820735 0.130284188997776
0.153329364465443 0.131533127328121 0.131533155391631
0.155056220427176 0.132785006121764 0.13278503509583
0.156793590384009 0.134039752433389 0.134039782342629
0.158541512996209 0.13529732032054 0.135297351190114
0.160300027392813 0.136557663662097 0.136557695517711
0.162069173171879 0.137820736153728 0.137820769021649
0.1638489904008 0.139086491303391 0.139086525210454
0.165639519616522 0.140354882426755 0.140354917400371
0.167440801825754 0.141625862642623 0.141625898710794
0.169252878505146 0.142899384868332 0.142899422059656
0.171075791601501 0.14417540181518 0.144175440158864
0.172909583531838 0.145453865983757 0.145453905509629
0.17475429718339 0.146734729659234 0.146734770397749
0.176609975913762 0.148017944906776 0.148017986889031
0.178476663550863 0.149303463566806 0.149303506824548
0.180354404392735 0.150591237250217 0.150591281815855
0.18224324320752 0.151881217333687 0.151881263240303
0.184143225233222 0.153173354954882 0.153173402236244
0.18605439617745 0.154467601007656 0.154467649698226
0.187976802217013 0.15576390613718 0.15576395627213
0.189910489997564 0.157062220735131 0.15706227235035
0.191855506633107 0.158362494934812 0.158362548066921
0.193811899705369 0.159664678606216 0.159664733292581
0.195779717263161 0.16096872135112 0.16096877762986
0.197759007821536 0.162274572498073 0.162274630408076
0.199749820361007 0.163582181097473 0.16358224067841
0.201752204326544 0.164891495916543 0.164891557208876
0.203766209626455 0.166202465434265 0.166202528479263
0.205791886631117 0.167515037836287 0.167515102676038
0.207829286171815 0.168829161009935 0.168829227687362
0.209878459539084 0.170144782538981 0.170144851097852
0.211939458481254 0.171461849698587 0.171461920183529
0.214012335202662 0.172780309450114 0.17278038190663
0.216097142361721 0.174100108435907 0.174100182910387
0.218193933069001 0.175421192974161 0.175421269513896
0.220302760884863 0.176743509053586 0.176743587706784
0.222423679817237 0.178067002328249 0.178067083144049
0.224556744318998 0.179391618112247 0.179391701140735
0.226702009285291 0.180717301374455 0.180717386666677
0.228859530050564 0.182043996733181 0.182044084341157
0.231029362385543 0.183371648450889 0.183371738427634
0.233211562493788 0.184700200428794 0.184700292828326
0.235406187008347 0.186029596201605 0.186029691078966
0.237613292987912 0.187359778932111 0.187359876343382
0.239832937912864 0.188690691405817 0.188690791408131
0.242065179681052 0.190022276025552 0.190022378677115
0.244310076603483 0.191354474806175 0.19135458016628
0.246567687399527 0.192687229369126 0.192687337498169
0.248838071191902 0.194020480937012 0.194020591896512
0.251121287501641 0.195354170328339 0.195354284180949
0.253417396242495 0.196688237952075 0.196688354761607
0.255726457715152 0.198022623802296 0.198022743633733
0.258048532601247 0.199357267452876 0.199357390372392
0.2603836819569 0.200692108052111 0.200692234127088
0.262731967206106 0.202027084317448 0.202027213616495
0.265093450133787 0.203362134530227 0.203362267123198
0.267468192878348 0.204697196530361 0.204697332488372
0.269856257924117 0.206032207711172 0.206032347106624
0.272257708093219 0.207367105014143 0.207367247920735
0.274672606537399 0.208701824923875 0.208701971416628
0.277101016729098 0.210036303462895 0.210036453618169
0.279543002452495 0.211370476186688 0.211370630082202
0.281998627794019 0.212704278178715 0.212704435893569
0.284467957132325 0.214037644045421 0.21403780566011
0.286951055128146 0.215370507911454 0.215370673507895
0.289447986713593 0.216702803414893 0.216702973076442
0.291958817081015 0.218034463702549 0.218034637514021
0.294483611671472 0.21936542142537 0.219365599473061
0.297022436162762 0.22069560873395 0.220695791105659
0.299575356457 0.222024957274135 0.222025144059183
0.30214243866773 0.223353398182741 0.223353589471994
0.304723749106612 0.22468086208341 0.224681057969297
0.307319354269598 0.226007279082572 0.226007479659113
0.309929320822769 0.227332578765626 0.227332784128449
0.312553715587331 0.228656690193082 0.228656900439446
0.315192605524527 0.229979541897065 0.229979757125883
0.31784605771988 0.231301061877909 0.231301282189772
0.320514139366875 0.232621177600895 0.232621403098091
0.323196917750246 0.233939815993234 0.233940046779774
0.325894460228654 0.23525690344121 0.235257139622848
0.328606834216827 0.236572365787514 0.236572607471775
0.331334107167354 0.237886128328904 0.237886375625102
0.334076346551812 0.239198115814012 0.239198368833276
0.336833619841281 0.240508252441371 0.240508511296669
0.339605994486523 0.241816461857794 0.241816726663955
0.34239353789754 0.243122667156978 0.243122938030718
0.345196317422506 0.244426790878354 0.244427067938299
0.348014400326381 0.245728755006339 0.245729038373048
0.350847853768814 0.247028480969808 0.247028770765799
0.353696744781501 0.248325889641896 0.24832618599167
0.3565611402452 0.249620901340219 0.249621204370285
0.359441106866091 0.250913435827396 0.250913745666294
0.36233671115163 0.252203412311935 0.252203729090261
0.365248019385911 0.253490749449526 0.25349107329996
0.368175097604513 0.254775365344721 0.254775696402047
0.371118011568926 0.256057177553064 0.256057515954197
0.374076826740376 0.257336103083597 0.25733644896761
0.377051608253395 0.258612058401917 0.258612411910063
0.380042420888667 0.259884959433565 0.259885320709304
0.38304932904562 0.261154721567993 0.261155090757015
0.386072396714546 0.262421259662986 0.26242163691324
0.389111687448336 0.263684488049625 0.26368487351134
0.392167264333838 0.264944320537761 0.264944714363474
0.395239189962852 0.266200670422047 0.266201072766625
0.398327526402752 0.267453450488504 0.267453861509175
0.401432335166829 0.26870257302169 0.26870299287806
0.404553677184433 0.269947949812475 0.26994837866656
0.407691612770739 0.271189492166389 0.271189930182636
0.410846201596319 0.272427110912593 0.272427558257908
0.41401750265667 0.27366071641355 0.27366117325732
0.417205574241381 0.274890218575258 0.274890685089376
0.420410473903348 0.276115526858213 0.276116003217105
0.423632258427821 0.277336550289011 0.277337036669659
0.426870983801552 0.278553197472696 0.278553694054661
0.43012670518181 0.279765376605746 0.279765883571196
0.433399476865527 0.280972995489806 0.280973513023537
0.436689352258509 0.282175961546127 0.282176489835586
0.439996383844913 0.283374181830775 0.283374721066088
0.443320623156826 0.284567563050549 0.284568113424541
0.446662120744117 0.28575601157964 0.28575657328786
0.450020926144732 0.286939433477104 0.286940006717848
0.453397087855093 0.288117734504988 0.288118319479319
0.456790653301239 0.289290820147328 0.289291417059104
0.460201668810282 0.29045859562986 0.290459204685752
0.463630179582486 0.29162096594051 0.291621587350025
0.467076229663838 0.292777835850615 0.292778469826121
0.470539861919512 0.293929109936977 0.293929756693719
0.474021118007871 0.295074692604606 0.295075352360732
0.477520038355475 0.296214488110283 0.296215161086861
0.48103666213272 0.297348400586792 0.297349087007833
0.484571027230677 0.29847633406797 0.298477034160448
0.488123170238807 0.299598192514441 0.299598906508312
0.491693126423739 0.300713879840059 0.300714607968281
0.495280929709203 0.301823299939058 0.301824042437607
0.498886612657349 0.302926356713929 0.302927113821824
0.502510206451098 0.304022954103894 0.30402372606321
0.506151740877894 0.305112996114034 0.30511378316992
0.509811244315009 0.30619638684508 0.306197189245779
0.513488743716177 0.307273030523761 0.307273848520625
0.517184264599809 0.308342831533725 0.308343665381233
0.520897831038812 0.309405694447007 0.309406544402777
0.524629465652106 0.310461524056009 0.31046239038082
0.528379189597769 0.311510225405942 0.311511108363744
0.532147022567923 0.312551703827682 0.312552603685612
0.535932982785611 0.313585864971093 0.313586781999489
0.539737087003332 0.314612614838642 0.31461354931106
0.543559350503595 0.315631859819372 0.315632812012594
0.547399787101427 0.316643506723149 0.316644476917198
0.551258409148882 0.317647462815146 0.3176484512933
0.555135227541406 0.318643635850473 0.318644642899274
0.559030251726438 0.31963193410899 0.319632960018258
0.562943489714162 0.320612266430231 0.320613311493072
0.566874948090012 0.32158454224828 0.3215856067611
0.570824632029581 0.322548671626711 0.322549755889222
0.57479254531565 0.323504565293454 0.323505669608686
0.578778690357163 0.324452134675508 0.324453259349818
0.582783068210504 0.325391291933518 0.325392437276599
0.586805678602822 0.326321949996111 0.326323116320997
0.590846519957464 0.327244022593939 0.327245210217018
0.594905589421575 0.328157424293417 0.328158633534433
0.598982882895702 0.329062070530036 0.3290633017121
0.603078395065542 0.329957877641259 0.329959131090855
0.607192119435607 0.33084476289889 0.330846038945879
0.611324048365018 0.331722644540919 0.331723943518548
0.615474173105156 0.332591441802736 0.332592764047641
0.619642483839198 0.333451074947689 0.3334524207999
0.623828969723622 0.334301465296945 0.334302835099894
0.628033618931331 0.335142535258564 0.335143929359088
0.632256418696684 0.335974208355789 0.335975627104134
0.636497355362116 0.336796409254475 0.3367978530043
0.640756414426421 0.337609063789614 0.337610532897996
0.645033580594472 0.338412098990909 0.338413593818346
0.649328837828437 0.33920544310737 0.339206964017786
0.653642169400482 0.3399890256309 0.339990572991645
0.657973557946543 0.340762777318788 0.340764351500646
0.66232298552152 0.341526630215143 0.341528231592332
0.666690433655433 0.342280517671179 0.342282146621355
0.671075883410691 0.343024374364355 0.343026031268615
0.675479315440296 0.343758136316341 0.343759821559226
0.679900710046842 0.344481740909772 0.344483454879271
0.684340047242308 0.345195126903787 0.345196869991338
0.688797306808408 0.345898234448313 0.345900007048808
0.693272468357685 0.346591005097123 0.346592807608912
0.697765511394867 0.347273381819607 0.347275214644497
0.702276415378717 0.347945309011274 0.347947172554537
0.706805159784082 0.348606732502982 0.348608627173358
0.711351724164145 0.349257599568884 0.34925952577858
0.715916088212795 0.349897858933094 0.349899817097795
0.720498231826876 0.350527460775075 0.350529451313943
0.725098135168482 0.351146356733766 0.351148380069447
0.729715778726973 0.351754499910443 0.35175655646907
0.734351143380793 0.352351844870336 0.352353935081536
0.7390042104589 0.352938347643014 0.352940471939911
0.743674961801694 0.353513965721539 0.353516124540761
0.7483633798216 0.354078658060447 0.354080851842133
0.75306944756297 0.354632385072541 0.354634614260344
0.757793148761366 0.355175108624533 0.355177373665632
0.762534467902128 0.355706792031565 0.35570909337667
0.767293390278238 0.35622740005064 0.356229738153997
0.772069902047225 0.356736898872966 0.35673927419237
0.776863990287337 0.357235256115286 0.357237669112086
0.781675643052655 0.357722440810188 0.357724891949299
0.786504849427391 0.358198423395462 0.358200913145375
0.791351599579039 0.358663175702514 0.358665704535303
0.79621588481053 0.359116670943878 0.359119239335217
0.801097697611329 0.35955888369988 0.359561492129049
0.805997031707343 0.359989789904468 0.359992438854367
0.810913882109846 0.360409366830267 0.360412056787432
0.815848245163122 0.360817593072888 0.360820324527501
0.820800118591012 0.361214448534526 0.361217221980433
0.825769501542241 0.361599914406899 0.36160273034162
0.830756394634623 0.361973973153558 0.361976832078307
0.835760799998048 0.362336608491613 0.362339510911314
0.840782721316252 0.362687805372904 0.362690751796207
0.845822163867455 0.36302754996468 0.36303054090398
0.850879134563832 0.363355829629793 0.363358865601249
0.85595364198975 0.363672632906473 0.363675714430026
0.861045696438905 0.3639779494877 0.363981077087097
0.866155309950362 0.364271770200236 0.364274944403047
0.871282496343386 0.36455408698332 0.364557308320966
0.876427271251257 0.364824892867097 0.364828161874865
0.881589652153976 0.365084181950782 0.365087499167856
0.886769658409953 0.365331949380625 0.365335315350109
0.891967311286647 0.365568191327684 0.365571606596625
0.897182633990283 0.365792904965451 0.365796370084868
0.902415651694556 0.366006088447362 0.366009603972275
0.907666391568456 0.366207740884215 0.36621130737367
0.912934882803202 0.366397862321528 0.366401480338629
0.918221156638345 0.366576453716864 0.366580123828804
0.923525246387065 0.366743516917153 0.366747239695242
0.928847187460697 0.366899054636023 0.366902830655723
0.934187017392544 0.367043070431186 0.367046900272145
0.939544775861013 0.367175568681876 0.367179452927961
0.944920504712111 0.367296554566388 0.367300493805721
0.950314247981351 0.367406034039708 0.367410028864703
0.955726051915096 0.367504013811284 0.367508064818685
0.961155964991429 0.36759050132293 0.367594609113848
0.966604037940531 0.367665504726898 0.367669669906852
0.972070323764665 0.367729032864123 0.367733256043081
0.977554877757786 0.367781095242661 0.367785377035082
0.983057757524827 0.367821702016331 0.367826043041207
0.988579023000707 0.367850863963571 0.367855264844475
0.994118736469109 0.367868592466532 0.367873053831659
0.999676962581075 0.367874899490398 0.367879421972614
1.00525376837346 0.367869797562964 0.367874381799856
1.01084922328727 0.367853299754467 0.367857946388387
1.016463399186 0.367825419657677 0.367830129335799
1.02209637037392 0.367786171368268 0.367790944742632
1.02774821361438 0.367735569465453 0.367740407193026
1.03341900814831 0.36767362899291 0.367678531735636
1.03910883571272 0.367600365439987 0.367605333864844
1.04481778055943 0.367515794723199 0.367520829502253
1.05054592947403 0.367419933168011 0.367425034978479
1.05629337179508 0.367312797490914 0.367317967015223
1.06206019943361 0.367194404781804 0.367199642707649
1.06784650689299 0.367064772486637 0.367070079507047
1.07365239128913 0.366923918390395 0.366929295203796
1.0794779523712 0.366771860600333 0.366777307910616
1.08532329254274 0.366608617529527 0.36661413604611
1.09118851688336 0.3664342078807 0.366439798318603
1.0970737331709 0.366248650630352 0.366254313710264
1.1029790519043 0.366051965013156 0.366057701461509
1.10890458632704 0.365844170506649 0.365849981055689
1.1148504524513 0.365625286816195 0.365631172204062
1.12081676908278 0.365395333860225 0.365401294831027
1.12680365784639 0.36515433175574 0.365160369059632
1.13281124321266 0.364902300804086 0.364908415197353
1.13883965252503 0.364639261476981 0.364645453722119
1.14488901602806 0.364365234402803 0.364371505268604
1.1509594668965 0.364080240353118 0.36408659061476
1.15705114126545 0.36378430022946 0.363790730668589
1.16316417826145 0.363477435050335 0.363483946455162
1.16929872003466 0.363159665938463 0.363166259103854
1.17545491179213 0.362831014108243 0.362837689835812
1.1816329018323 0.362491500853424 0.362498259951636
1.18783284158057 0.362141147534999 0.362147990819263
1.1940548856263 0.361779975569281 0.361786903862056
1.20029919176087 0.361408006416195 0.361415020547092
1.20656592101728 0.361025261567737 0.361032362373625
1.21285523771105 0.360631762536619 0.360638950861738
1.21916730948253 0.360227530845088 0.360234807541154
1.22550230734077 0.359812588013897 0.359819953940221
1.23186040570891 0.359386955551436 0.35939441157504
1.23824178247111 0.358950654943009 0.358958201938745
1.24464661902122 0.358503707640245 0.358511346490916
1.25107510031306 0.358046135050634 0.358053866647122
1.25752741491259 0.357577958527189 0.357585783768583
1.26400375505177 0.357099199358213 0.357107119151936
1.27050431668437 0.356609878757168 0.356617894019118
1.27702929954377 0.356110017852636 0.356118129507319
1.28357890720272 0.355599637678361 0.355607846659034
1.29015334713514 0.355078759163369 0.355087066412185
1.29675283078023 0.354547403122144 0.354555809590298
1.30337757360864 0.354005590244862 0.354014096892744
1.31002779519109 0.353453341087664 0.353461948885016
1.31670371926921 0.352890676062972 0.352899385989044
1.32340557382905 0.352317615429813 0.352326428473528
1.33013359117693 0.351734179284172 0.351743096444294
1.33688800801811 0.351140387549333 0.351149409834636
1.34366906553807 0.350536259966217 0.350545388395665
1.35047700948666 0.349921816083706 0.349931051686629
1.35731209026522 0.349297075248919 0.349306419065201
1.36417456301663 0.348662056597467 0.348671509677733
1.37106468771861 0.34801677904363 0.348026342449443
1.37798272928025 0.347361261270488 0.347370936074549
1.38492895764181 0.346695521719958 0.346705309006306
1.39190364787819 0.346019578582746 0.346029479446976
1.39890708030589 0.345333449788193 0.345343465337666
1.40593954059379 0.344637152994002 0.344647284348069
1.41300131987786 0.343930705575832 0.343940953866059
1.42009271487981 0.343214124616748 0.343224490987154
1.42721402803015 0.342487426896507 0.3424979125038
1.43436556759541 0.34175062888067 0.341761234894494
1.44154764781003 0.341003746709519 0.34101447431271
1.44876058901291 0.340246796186775 0.34025764657562
1.456004717789 0.339479792768075 0.339490767152578
1.46328036711573 0.338702751549228 0.338713851153387
1.47058787651508 0.33791568725419 0.337926913316279
1.47792759221093 0.337118614222775 0.337129967995637
1.48529986729232 0.336311546398061 0.336323029149402
1.49270506188261 0.335494497313479 0.335506110326181
1.50014354331497 0.334667480079563 0.334679224652
1.50761568631438 0.333830507370334 0.333842384816696
1.5151218731864 0.332983591409307 0.332995603059937
1.522662494013 0.332126743955084 0.332138891156824
1.5302379468559 0.331259976286515 0.331272260403062
1.53784863796759 0.330383299187392 0.330395721599664
1.54549498201038 0.329496722930666 0.32950928503718
1.55317740228401 0.328600257262137 0.328612960479399
1.56089633096199 0.327693911383599 0.327706757146507
1.56865220933715 0.326777693935413 0.326790683697667
1.576445488077 0.325851612978453 0.325864748212985
1.58427662748903 0.324915675975413 0.324928958174827
1.5921460977968 0.323969889771417 0.323983320448443
1.60005437942692 0.323014260573917 0.323027841261882
1.60800196330784 0.322048793931813 0.322062526185122
1.61598935118079 0.321073494713758 0.321087380108396
1.62401705592351 0.320088367085612 0.320102407219662
1.63208560188747 0.319093414486987 0.319107610981162
1.64019552524924 0.318088639606824 0.318102994105018
1.64834737437663 0.317074044357958 0.31708855852782
1.65654171021058 0.316049629850606 0.316064305384125
1.66477910666333 0.315015396364723 0.315030234978842
1.673060151034 0.313971343321142 0.313986346758388
1.68138544444233 0.312917469251448 0.312932639280584
1.68975560228162 0.311853771766496 0.311869110183203
1.69817125469196 0.3107802475235 0.31079575615107
1.70663304705467 0.309696892191608 0.309712572881677
1.71514164050943 0.308603700415859 0.308619555049157
1.7236977124951 0.307500665779451 0.30751669626658
1.73230195731582 0.306387780764171 0.30640398904642
1.74095508673344 0.305265036708948 0.305281424759127
1.74965783058848 0.30413242376631 0.304148993589624
1.75841093745055 0.302989930856718 0.303006684491674
1.76721517530049 0.301837545620569 0.30185448513991
1.77607133224595 0.300675254367758 0.300692381879446
1.78498021727254 0.299503042024611 0.29952035967284
1.79394266103254 0.298320892078066 0.298338402044317
1.80295951667376 0.297128786516861 0.297146491021
1.81203166071096 0.295926705769577 0.295944607071
1.82115999394265 0.294714628639287 0.29473272903811
1.8303454424159 0.293492532234639 0.293510834072938
1.83958895844286 0.292260391897043 0.292278897560147
1.84889152167182 0.291018181123777 0.291036893041616
1.85825414021692 0.289765871486669 0.289784792135179
1.86767785185037 0.288503432546053 0.288522564448647
1.87716372526144 0.287230831759673 0.287250177488768
1.88671286138696 0.285948034386145 0.28596759656477
1.89632639481844 0.284655003382604 0.28467478468607
1.90600549529121 0.283351699296065 0.283371702453717
1.91575136926175 0.282038080148045 0.282058307945097
1.92556526157958 0.280714101311931 0.280734556591382
1.9354484572609 0.279379715382509 0.279400401047156
1.94540228337175 0.27803487203704 0.278055791051586
1.9554281110291 0.276679517887238 0.276700673280506
1.96552735752923 0.275313596321351 0.275334991188604
1.97570148861343 0.273937047335593 0.273958684840975
1.98595202088243 0.272549807353965 0.272571690733065
1.99628052437131 0.271151809035553 0.271173941598105
2.00668862529896 0.269742981068158 0.269765366200881
2.01717800900628 0.268323247947103 0.268345889116694
2.02775042309987 0.266892529737878 0.266915430494168
2.03840768081933 0.26545074182113 0.265473905800415
2.04915166464767 0.263997794618449 0.264021225547007
2.05998433018753 0.262533593297054 0.262557294994864
2.07090771032747 0.261058037451458 0.261082013836136
2.08192391972577 0.259571020759811 0.259595275850773
2.09303515964239 0.258072430612448 0.25809696853533
2.10424372315287 0.256562147709862 0.256586972701207
2.11555200078242 0.255040045626951 0.255065162039186
2.12696248660301 0.253505990340011 0.253531402646743
2.13847778484133 0.251959839712523 0.251985552514175
2.15010061705159 0.250401442935274 0.250427460965091
2.1618338299145 0.248830639915721 0.248856968046181
2.17368040373104 0.247247260610888 0.247273903860551
2.18564346168964 0.245651124297272 0.245678087838108
2.19772627999572 0.244042038770306 0.244069327935544
2.20993229896492 0.242419799464938 0.24244741975749
2.22226513519649 0.240784188487532 0.240812145589042
2.23472859495983 0.239134973547964 0.239163273328545
2.24732668894717 0.237471906778991 0.237500555307727
2.26006364856973 0.235794723427977 0.235823726984256
2.27294394400158 0.234103140403696 0.234132505489471
2.28597230420992 0.232396854657989 0.23242658801107
2.29915373924839 0.230675541378812 0.230705649987299
2.3124935651398 0.228938851966894 0.228969343084879
2.32599743172968 0.227186411763494 0.227217292928196
2.33967135396284 0.225417817490611 0.225449096541096
2.35352174711831 0.22363263435781 0.223664319455522
2.36755546664177 0.221830392780816 0.221862492432122
2.38177985334082 0.220010584646014 0.220043107727058
2.39620278486493 0.218172659041408 0.218205614825573
2.41083273458794 0.216316017357436 0.216349415545786
2.42567883925486 0.214440007639688 0.214473858394845
2.44075097706472 0.212543918048444 0.212578232032394
2.45605985825485 0.210626969245291 0.210661757661765
2.47161713075736 0.208688305482657 0.208723580124825
2.48743550415462 0.206726984114177 0.206762757418565
2.50352889601578 0.204741963168244 0.20477824827598
2.51991260583063 0.202732086526597 0.202768897353355
2.53660352326953 0.200696066115569 0.200733417431896
2.55362037954637 0.198632460335427 0.198670367859576
2.57098405346826 0.196539647703024 0.196578128208977
2.58871794765964 0.194415794334294 0.194454865778402
2.60684845596475 0.192258813399231 0.192298495069928
2.62540555096304 0.190066313970489 0.19010662666693
2.64442353215809 0.187835535641374 0.187876501888787
2.66394199281175 0.185563263719835 0.185604908032187
2.68400709010976 0.183245717392128 0.183288066596746
2.70467324546416 0.180878399436466 0.180921483081326
2.7260054702576 0.178455889850715 0.178499740724431
2.74808262778687 0.17597155525571 0.176016210065027
2.77100214500153 0.173417127438408 0.173462627712393
2.79488706189118 0.170782070183326 0.17082846351544
2.81989703868766 0.168052586415646 0.168099928231354
2.84624648081069 0.165209976160914 0.165258332347164
2.87423648528329 0.162227729200364 0.162277180247806
2.90431648812841 0.159065888078537 0.15911653613017
2.93721941667052 0.155658627617611 0.155710609860783
2.97432222148477 0.151880941427853 0.151934460331043
3.01901863295704 0.147421027649173 0.147476445076057
3.07870194692181 0.141620600286242 0.141678640010769
3.12085881316075 0.137630040870761 0.137689987461631
3.15842106397748 0.1341484086262 0.134210096231583
3.19256406192661 0.131043931365187 0.131107237102206
3.22593901859418 0.128064433171828 0.128129354647871
3.25782862113329 0.12526817803132 0.12533467559126
3.28827633945225 0.122644251043228 0.122712283660407
3.31750887677884 0.120166956457286 0.120236491414644
3.34575183666343 0.117812253639992 0.117883267336743
3.37318825660131 0.115560986848822 0.115633463351902
3.39995899876422 0.113398472527757 0.113472401933126
3.4261719404188 0.111313438523521 0.111388815627377
3.45191079756738 0.109297090468285 0.109373913783334
3.47724180174183 0.107342425746112 0.10742069679078
3.50221841213437 0.105443755021243 0.105523477805074
3.52688458784213 0.103596371164286 0.103677551810547
3.55127707498438 0.101796317636867 0.101878964101176
3.57542703187179 0.100040223348493 0.100124345205557
3.5993612074625 0.0983251823450325 0.0984107906246403
3.6231028138425 0.0966486642714208 0.0967357713307868
3.64667218502705 0.0950084464053966 0.0950970658289009
3.67008728343144 0.0934025611375871 0.0934927076575556
3.69336409554688 0.0918292547391659 0.0919209441731052
3.71651694551202 0.0902869545334492 0.0903802037343602
3.73955874679982 0.0887742424306874 0.0888690692479331
3.76250120654114 0.0872898333541655 0.087386256602976
3.78535499309847 0.0858325574773621 0.0859305969155037
3.80812987477079 0.0844013454667918 0.084501021777253
3.83083483556706 0.0829952161214628 0.0830965509002556
3.85347817258008 0.0816132659423895 0.081716281690751
3.87606757846114 0.0802546602705456 0.0803593803909715
3.89861021172776 0.0789186257100393 0.0790250745056883
3.92111275705938 0.0776044436124613 0.0777126462895631
3.94358147729531 0.0763114444436079 0.0764214271165742
3.96602225851026 0.0750390028887227 0.075150792587718
3.98844064927994 0.0737865335795707 0.0739001582603475
4.01084189504211 0.072553487348101 0.0726689759039391
4.03323096829574 0.0713393479283823 0.0714567302040044
4.05561259525106 0.0701436290420208 0.0702629358493819
4.07799127943886 0.0689658718131823 0.0690871349490522
4.10037132270328 0.0678056424681339 0.0679288947334122
4.12275684393396 0.0666625302814123 0.0667878055021273
4.14515179583749 0.0655361457365923 0.0656634787865537
4.16755998000239 0.0644261188744799 0.0645555456995631
4.18998506047357 0.0633320978055659 0.0634636554496197
4.21243057602082 0.062253747366918 0.0623874739992932
4.23489995125963 0.0611907479064801 0.0613266828511895
4.25739650676065 0.0601427941800806 0.0602809779466048
4.27992346826534 0.0591095943484485 0.0592500686642115
4.3024839751101 0.0580908690631856 0.0582336769077299
4.32508108794739 0.0570863506320926 0.05723153627299
4.3477177958414 0.0560957822554382 0.0562433912859808
4.37039702280601 0.0551189173258165 0.0552689967045335
4.39312163384455 0.054155518785115 0.0543081168771723
4.41589444054392 0.0532053585328926 0.053360525153434
4.43871820626892 0.052268216881141 0.052426003340638
4.4615956509982 0.051343882050954 0.051504341202635
4.48452945583784 0.0504321497071559 0.050595335996593
4.50752226724503 0.0495328225273608 0.0496987920442977
4.53057670099068 0.0486457098023245 0.0488145203348351
4.5536953458868 0.0477706270647721 0.0479423381558457
4.57688076730165 0.0469073957441992 0.0470820687508555
4.60013551048362 0.0460558428453803 0.0462335410004226
4.62346210371254 0.0452158006485544 0.0453965891250777
4.64686306129513 0.0443871064294722 0.0445710524082503
4.67034088642019 0.0435696021976411 0.0437567749375237
4.69389807388725 0.0427631344512824 0.0429536053627424
4.71753711272137 0.0419675539476535 0.0421613966696314
4.74126048868556 0.0411827154875026 0.0413800059677072
4.76507068670145 0.0404084777125475 0.0406092942913775
4.78897019318778 0.039644702914961 0.0398491264132257
4.81296149832559 0.0388912568579411 0.0390993706685669
4.83704709825829 0.0381480086065176 0.0383598987904396
4.86122949723417 0.0374148303678272 0.037630585754276
4.88551120969834 0.036691597340144 0.0369113096315519
4.90989476234039 0.0359781875700209 0.036201951451783
4.93438269610409 0.0352744818169398 0.0355023950722835
4.95897756816459 0.0345803634249214 0.0348125270551493
4.98368195387834 0.0338957182005893 0.0341322365509783
5.00849844871074 0.0332204342972167 0.0334614151888748
5.03342967014616 0.0325544021043208 0.0327999569723198
5.05847825958462 0.0318975141424064 0.0321477581805282
5.08364688422939 0.031249664962477 0.0315047172749341
5.10893823896919 0.0306107510499728 0.030870734810485
5.13435504825893 0.0299806707328043 0.0302457133514366
5.15990006800239 0.0293593240931788 0.0296295573913733
5.1855760874401 0.0287466128829369 0.0290221732771976
5.21138593104576 0.0281424404421263 0.0284234691368447
5.23733246043409 0.0275467116205655 0.0278333548105071
5.26341857628304 0.0269593327021535 0.0272517417851593
5.28964722027305 0.0263802113317026 0.0266785431321948
5.31602137704601 0.0258092564440789 0.0261136734479978
5.34254407618619 0.025246378195444 0.025557048797287
5.36921839422564 0.0246914878964021 0.0250085866590779
5.39604745667597 0.024144497946865 0.0244682058751238
5.42303444008861 0.02360532177245 0.0239358266007028
5.45018257414524 0.023073873762237 0.02341137025763
5.47749514377997 0.0225500692077135 0.0228947594893845
5.50497549133448 0.0220338242427383 0.0223859181182428
5.53262701874744 0.0215250557843607 0.0218847711043255
5.56045318977867 0.021023681474333 0.0213912445064658
5.58845753226873 0.0205296196211554 0.0209052654448196
5.61664364043378 0.0200427891424963 0.0204267620651414
5.64501517719532 0.019563109507825 0.0199556635046571
5.67357587654402 0.0190905006811011 0.0194918998594718
5.70232954593586 0.0186248830633541 0.019035402153454
5.73128006871844 0.0181661774349962 0.0185861023085496
5.76043140658439 0.0177143048976982 0.0181439331164771
5.78978760204762 0.0172691868156616 0.0177088282117696
5.8193527809374 0.0168307447561138 0.0172807220461271
5.84913115490369 0.0163989004288484 0.0168595498640549
5.87912702392558 0.0159735756246292 0.0164452476797672
5.90934477881308 0.015554692152269 0.0160377522553414
5.93978890369007 0.0151421717741898 0.015637001080117
5.97046397844426 0.0147359361402613 0.0152429323513371
6.00137468112644 0.0143359067197142 0.0148554849560423
6.03252579027851 0.0139420047309072 0.0144745984542296
6.06392218716551 0.01355415106873 0.0141002130633037
6.09556885788229 0.0131722662294082 0.0137322696438502
6.12747089529983 0.0127962702324755 0.0133707096867791
6.15963350081034 0.0124260825396661 0.0130154753018889
6.19206198582208 0.0120616219704778 0.0126665092079229
6.22476177294667 0.0117028066141506 0.0123237547241956
6.25773839681093 0.0113495537378008 0.011987155763887
6.29099750441352 0.0110017796904521 0.0116566568291169
6.32454485493216 0.010659399802705 0.01133220300793
6.3583863188709 0.0103223282817947 0.0110137399733427
6.3925278764171 0.00999047810179717 0.0107012139846256
6.42697561485517 0.00966376088876284 0.0103945718910187
6.46173572485719 0.00934208680058401 0.0100937611381034
6.4968144954391 0.00902536440144064 0.00979872977708422
6.53221830733473 0.0087135005307198 0.0095094264772635
6.56795362449684 0.00840640016637281 0.00922580054202532
6.60402698338472 0.00810396628276218 0.00894780192867713
6.64044497963952 0.00780609970316606 0.00867538127253408
6.67721425168195 0.00751269894724929 0.00840848991566094
6.71434146068864 0.00722366007399501 0.0081470799407198
6.751833266315 0.00693887652081356 0.00789110421039456
6.78969629743075 0.00665823893982378 0.00764051641287831
6.82793711701919 0.00638163503264265 0.0073952711139119
6.86656218026274 0.00610894938542828 0.00715532381583929
6.90557778469507 0.0058400633064156 0.00692063102409366
6.944990011146 0.00557485466876846 0.00669115032143237
6.98480465404222 0.00531319776225744 0.00646684045008247
7.02502713946009 0.00505496315806542 0.00624766140172266
7.06566242916563 0.00480001759192295 0.00603357451488539
7.10671490873439 0.00454822387177471 0.00582454257888147
7.14818825774018 0.00429944081725777 0.00562052994269494
7.19008529996379 0.00405352323939239 0.00542150262642127
7.23240783163942 0.0038103219699804 0.00522742843168232
7.27515642597606 0.00356968395117907 0.00503827704600009
7.31833021262601 0.0033314523964258 0.00485402013430739
7.36192663149982 0.00309546703414012 0.00467463140859634
7.40594116143129 0.00286156444517559 0.00450008666416623
7.45036702576946 0.00262957850353673 0.00433036376810175
7.49519487909939 0.00239934092707803 0.00416544258264601
7.54041248202527 0.0021706819404261 0.00400530480330801
7.58600437428437 0.00194343104594018 0.0038499336892897
7.63195156030161 0.0017174178900294 0.003699313662736
7.67823122540165 0.00149247320174473 0.00355342975417361
7.72481650485277 0.00126842976883561 0.00341226687518684
7.77167633110632 0.00104512340452821 0.00327580890674512
7.81877538622557 0.000822393847835443 0.00314403760327232
7.86607418568254 0.00060008553343167 0.00301693132864348
7.91352931563413 0.000378048166377065 0.00289446366008367
7.96109383796871 0.000156137044288531 0.00277660191763327
8 -2.51651476846163E-05 0.00268370102322009
