Original Matrix A:

     0.138      0.249      0.122      0.839 
     0.249      0.213      0.398      0.446 
     0.122      0.398      0.685      0.957 
     0.839      0.446      0.957      0.554 

Eigenvalues:
    -0.744    -0.0114      0.267       2.08 

Eigenvectors Matrix V:

     0.599     -0.117     -0.705      0.362 
  -0.00596      0.945    0.00634      0.328 
     0.411     -0.202      0.678      0.576 
    -0.688     -0.231     -0.209      0.656 

Check V^T A V == D:

    -0.744          0          0          0 
         0    -0.0114          0          0 
         0          0      0.267          0 
         0          0          0       2.08 

Check V D V^T == A:

     0.138      0.249      0.122      0.839 
     0.249      0.213      0.398      0.446 
     0.122      0.398      0.685      0.957 
     0.839      0.446      0.957      0.554 

Check V^T V == I (Identity):

         1          0          0          0 
         0          1          0          0 
         0          0          1          0 
         0          0          0          1 

Check V V^T == I (Identity):

         1          0          0          0 
         0          1          0          0 
         0          0          1          0 
         0          0          0          1 
