0.2 0.259447685378296
0.4 0.566010778938275
0.6 0.0348095152953182
0.8 0.041286316697018
1 0.33368153242941
1.2 -0.344359694606479
1.4 0.164369389551145
1.6 -0.10820032007019
1.8 0.222925629534598
2 0.311715315104211
2.2 0.172659635613757
2.4 -0.242047004096571
2.6 -0.405840171288769
2.8 -0.593607257323935
3 -0.0504275406047017
3.2 -0.0518611637016188
3.4 0.133768436299483
3.6 -0.346497080019168
3.8 0.329427762257343
4 0.0471403962164929
4.2 -0.0887488994946384
4.4 -0.400860033229754
4.6 0.255164437399804
4.8 -0.295451087574505
5 0.0535923009287176
5.2 0.0362061743086691
5.4 0.308200504709346
5.6 -0.190127703221538
5.8 -0.0846838556327796
6 0.360240987490422
6.2 -0.184223521257989
6.4 -0.27037213537657
6.6 -0.614784903429667
6.8 0.348004341130812
7 0.319106186768448
7.2 -0.324724189305004
7.4 -0.204646463140167
7.6 -0.0545611911016627
7.8 -0.0866349678271058
8 -0.253554822112996
8.2 0.0956183942946771
8.4 0.0786527860041185
8.6 0.076221621051185
8.8 -0.256983754312799
9 -0.0182996960141795
9.2 0.153027242096984
9.4 -0.146071508473633
9.6 0.106699821010015
9.8 0.282894973930977
10 -0.168433288040016
10.2 -0.290071975351096
10.4 -0.258630283877142
10.6 0.303010010261105
10.8 -0.0981332955027992
11 -0.280892480548402
11.2 0.21558966614256
11.4 0.022852883831634
11.6 0.44742875744187
11.8 0.278225816650492
12 0.146553546533553
12.2 0.35729957495743
12.4 0.144183222309865
12.6 -0.267342979341928
12.8 0.336556287000967
13 -0.109738214789501
13.2 -0.274619847005849
13.4 -0.324087225902878
13.6 -0.14634344324043
13.8 -0.160390948956709
14 0.260882970619809
14.2 0.0975425986744464
14.4 -0.390683651933535
14.6 -0.234143988296666
14.8 -0.154433571344482
