-2.00377736373703 4.01506733477367 9.02267876886698
-1.63255020003538 2.52736133796495 8.83082591666005
-1.54041189283995 2.36437931516235 6.46089971988906
-1.30501103963753 1.64127316643767 5.69476072893197
-1.13243028315627 1.25261422690055 4.63596828882227
-0.825907061071984 0.588165984000593 4.21671878811445
-0.733649019234473 0.52972933963625 3.01278355965722
-0.573263358427165 0.296523664706314 2.57824491025785
-0.361274215016086 0.0855796599856409 2.05502244177108
-0.224981583471582 0.0320410308758286 1.53508547611598
0.0348160280118833 -0.0662826407626083 1.38713485617362
0.101385231500602 0.00584750672788453 0.809472284554483
0.339581361121257 0.0563623751612423 0.783699881083563
0.391214390835109 0.150382730466177 0.371330657066644
0.589749507673044 0.307055304663669 0.334355010188188
0.634586422151832 0.400689577831402 0.133931233325924
0.764898606351952 0.567083438009648 0.0876238676448775
0.816037749987838 0.663302397366925 0.0345260428300576
0.936823775427273 0.863049522233413 0.0252758976768918
0.952948997223329 0.907851768516616 0.00222055804754352
0.997674090895424 0.993353257641403 0.000405543465361597
0.999335375241248 0.998668432341835 4.42487756383292E-07
