100 0.0111788806400351
100.5 0.0116215679895765
101 0.0120910727064424
101.5 0.0125896046787746
102 0.0131196061244553
102.5 0.0136837815187027
103 0.0142851321160279
103.5 0.0149269958903242
104 0.0156130938867512
104.5 0.0163475841888013
105 0.0171351249639868
105.5 0.0179809483755919
106 0.0188909475535969
106.5 0.0198717793284336
107 0.0209309860772555
107.5 0.0220771408545137
108 0.0233200210310396
108.5 0.0246708170215114
109 0.0261423844380322
109.5 0.0277495503026936
110 0.0295094869706303
110.5 0.0314421714159614
111 0.0335709528791957
111.5 0.0359232590804749
112 0.0385314810047354
112.5 0.0414340897282316
113 0.044677057441771
113.5 0.0483156810493089
114 0.0524169439604133
114.5 0.057062605256067
115 0.0623532835018279
115.5 0.0684139180366764
116 0.0754011642901105
116.5 0.0835135453997805
117 0.0930055965274356
117.5 0.104207897033496
118 0.11755595734651
118.5 0.133632714299994
119 0.153232450586519
119.5 0.177459361529415
120 0.207883870242661
120.5 0.246798531424548
121 0.297652461553887
121.5 0.365820303861182
122 0.460030864992779
122.5 0.59517548839344
123 0.798204902563883
123.5 1.12149054244419
124 1.67573044180932
124.5 2.71692023940291
125 4.86386491805624
125.5 9.14438534261819
126 12.6038997078699
126.5 8.65432055034105
127 4.58751760206575
127.5 2.58637654374443
128 1.60894654258307
128.5 1.08385461206782
129 0.775214142196375
129.5 0.580206526146705
130 0.44978040175195
130.5 0.358510953965838
131 0.292265388412642
131.5 0.242718124549875
132 0.2047213652815
132.5 0.174959898078071
133 0.151223523646604
133.5 0.131994294400176
134 0.116202495287418
134.5 0.103077117794803
135 0.0920513126636139
135.5 0.0827009265280467
136 0.0747035501169178
136.5 0.0678106261029703
137 0.0618280726099779
137.5 0.0566025800104502
138 0.0520117616200375
138.5 0.0479569690961946
139 0.0443579803096781
139.5 0.0411490226284739
140 0.0382757616608043
140.5 0.035692996828184
141 0.0333628804825872
141.5 0.0312535290239272
142 0.0293379304935061
142.5 0.0275930785120204
143 0.0259992805442517
143.5 0.0245396015365914
144 0.023199413493438
144.5 0.0219660285632913
145 0.0208283984067281
145.5 0.0197768665139982
146 0.018802963081308
146.5 0.0178992342928011
147 0.0170590995704091
147.5 0.0162767316773405
148 0.0155469555890946
148.5 0.0148651628494715
149 0.0142272387608644
149.5 0.0136295002576983
150 0.0130686427090203
150.5 0.0125416942135906
151 0.012045976205652
151.5 0.0115790693951439
152 0.0111387842327505
152.5 0.0107231352257879
153 0.0103303185417829
153.5 0.00995869242755664
154 0.00960676004655094
154.5 0.00927315439908888
155 0.00895662504165818
155.5 0.0086560263641033
156 0.00837030721935865
156.5 0.0080985017303106
157 0.00783972112355511
157.5 0.00759314646104509
158 0.00735802215856808
158.5 0.00713365019521056
159 0.00691938493089965
159.5 0.00671462846013688
160 0.00651882643945819
