0.489796164991293 0.239796067211031 0.260309039355665
0.614740328334393 0.362216452639834 0.173040172767909
0.707843368952485 0.492374008853509 0.0928693114657013
0.814711465010026 0.65233393122612 0.0473753998125308
0.87112358113254 0.75567391676643 0.0176218835744825
0.949861362097839 0.896036919049565 0.00635749633483696
0.972232958420235 0.944736387115682 0.000796062459359664
0.997447181858551 0.994265073533813 4.6941942695116E-05
0.999685449633856 0.999365938366673 1.01502133931543E-07
0.999969678040179 0.99993922621399 9.21131739656867E-10

Final minimum: 0.999969678040179 0.99993922621399
Expected minimum: 1 1
Check: PASS
Steps taken: 10
