-1 0.35322690848236 0.334607101210013
-0.989949748743719 0.354639972253225 0.338480321293605
-0.979899497487437 0.354980833786784 0.341191843175626
-0.969849246231156 0.354207857728336 0.342678045056312
-0.959798994974874 0.35228215802197 0.342880922055728
-0.949748743718593 0.349167851918403 0.341748498165734
-0.939698492462312 0.344832308997648 0.3392351756042
-0.92964824120603 0.339246393863863 0.335302020109982
-0.919597989949749 0.332384701160251 0.329916981899754
-0.909547738693467 0.324225781549272 0.323055053145439
-0.899497487437186 0.314752357308082 0.31469836389734
-0.889447236180904 0.303951526201138 0.304836219349673
-0.879396984924623 0.291814952311416 0.293465082201514
-0.869346733668342 0.278339042538908 0.280588504590393
-0.85929648241206 0.263525107509888 0.266217014655271
-0.849246231155779 0.247379505683043 0.250367963211723
-0.839195979899497 0.2299137694888 0.233065336291015
-0.829145728643216 0.21114471239607 0.214339539406458
-0.819095477386935 0.191094515865964 0.194227159369562
-0.809045226130653 0.16979079522473 0.172770709293558
-0.798994974874372 0.14726664356791 0.150018362104755
-0.78894472361809 0.123560652894346 0.12602367744807
-0.778894472361809 0.0987169117617768 0.100845326339602
-0.768844221105528 0.0727849788550841 0.0745468173058406
-0.758793969849246 0.0458198319632733 0.0471962270769372
-0.748743718592965 0.0178817919716664 0.0188659381920196
-0.738693467336683 -0.0109635784090502 -0.0103676148507151
-0.728643216080402 -0.0406456013358018 -0.0404241899863184
-0.718592964824121 -0.0710886359838113 -0.0712199722998496
-0.708542713567839 -0.102212256064394 -0.102667799501156
-0.698492462311558 -0.13393145249045 -0.134677379183405
-0.688442211055276 -0.166156860839694 -0.167155499410242
-0.678391959798995 -0.198795013133919 -0.200006234611588
-0.668341708542714 -0.231748613320504 -0.233131149111222
-0.658291457286432 -0.264916835710581 -0.26642950085524
-0.648241206030151 -0.298195645497565 -0.299798448057089
-0.638190954773869 -0.331478140350872 -0.333133261522745
-0.628140703517588 -0.364654911953353 -0.366327545372093
-0.618090452261307 -0.397614426228027 -0.399273468735253
-0.608040201005025 -0.430243420880843 -0.431862010783403
-0.597989949748744 -0.462427318772211 -0.463983221161969
-0.587939698492462 -0.494050655521645 -0.495526497540977
-0.577889447236181 -0.524997519647717 -0.526380881594522
-0.5678391959799 -0.555152003450408 -0.556435374281492
-0.557788944723618 -0.584398662755479 -0.585579270835191
-0.547738693467337 -0.612622983561239 -0.613702515393086
-0.537688442211055 -0.63971185355781 -0.640696074721297
-0.527638190954774 -0.665554036428018 -0.66645233002286
-0.517587939698492 -0.690040646788103 -0.690865485374197
-0.507537688442211 -0.713065623585807 -0.713831990919398
-0.49748743718593 -0.734526199743545 -0.735250978574136
-0.487437185929648 -0.754323365815729 -0.755024707656125
-0.477386934673367 -0.772362325421938 -0.773059017571185
-0.467336683417085 -0.788552940222019 -0.789263784445985
-0.457286432160804 -0.802810162215322 -0.803553378411539
-0.447236180904523 -0.815054451174259 -0.815847118105526
-0.437185929648241 -0.825212175062311 -0.826069718875161
-0.42713567839196 -0.833215991338364 -0.834151731123309
-0.417085427135678 -0.839005207112774 -0.840029965245817
-0.407035175879397 -0.84252611619561 -0.843647899653743
-0.396984924623116 -0.843732311163882 -0.844956068456405
-0.386934673366834 -0.842584968671908 -0.843912425495509
-0.376884422110553 -0.839053106336843 -0.840482681562968
-0.366834170854271 -0.83311380964942 -0.83464061180133
-0.35678391959799 -0.824752427487543 -0.826368330472348
-0.346733668341708 -0.813962734946963 -0.815656530483043
-0.336683417085427 -0.800747062348187 -0.802504685276971
-0.326633165829146 -0.785116389431364 -0.786921210929424
-0.316582914572864 -0.767090403910314 -0.768923586527538
-0.306532663316583 -0.746697523722435 -0.748538431168935
-0.296482412060301 -0.723974882481926 -0.725801536175461
-0.28643216080402 -0.698968277818906 -0.700757851391686
-0.276381909547739 -0.671732082465454 -0.673461424721758
-0.266331658291457 -0.642329118130597 -0.643975294353271
-0.256281407035176 -0.610830492388679 -0.612371333423658
-0.246231155778894 -0.577315398988482 -0.578730047203464
-0.236180904522613 -0.54187088217289 -0.543140323201655
-0.226130653266332 -0.504591565779742 -0.50569913494036
-0.21608040201005 -0.465579348072892 -0.466511200498756
-0.206030150753769 -0.424943063427268 -0.425688597286444
-0.195979899497487 -0.382798112162016 -0.383350334872685
-0.185929648241206 -0.339266059980565 -0.339621888065738
-0.175879396984925 -0.294474208634762 -0.29463469280182
-0.165829145728643 -0.248555139581205 -0.248525607760661
-0.155778894472362 -0.201646232540572 -0.201436344968298
-0.14572864321608 -0.153889161004409 -0.153512872971281
-0.135678391959799 -0.105429366857608 -0.104904796462947
-0.125628140703518 -0.0564155163979389 -0.0557647165048247
-0.115577889447236 -0.00699894013595136 -0.00624757570780845
-0.105527638190955 0.0426669411514858 0.0434900070884207
-0.0954773869346733 0.0924272015631434 0.0932904079788904
-0.085427135678392 0.142126003795377 0.142995670279508
-0.0753768844221105 0.191607198777227 0.192448173217265
-0.0653266331658291 0.240714928514151 0.241491292373328
-0.0552763819095478 0.289294229412086 0.289970047362774
-0.0452261306532663 0.33719163334385 0.337731732436708
-0.035175879396985 0.384255763724314 0.384626525959841
-0.0251256281407035 0.430337923879435 0.430508075045492
-0.0150753768844221 0.475292675026948 0.475234052015101
-0.00502512562814073 0.518978401233164 0.518666679783664
0.00502512562814061 0.561257858770738 0.560673223747333
0.0150753768844221 0.601998707375946 0.601126448254886
0.0251256281407035 0.641074020990841 0.639905036269802
0.035175879396985 0.678362775674866 0.676893971362339
0.0452261306532664 0.713750312481787 0.711984881698932
0.0552763819095476 0.747128773220405 0.745076346206941
0.0653266331658291 0.778397507150838 0.776074163573761
0.0753768844221105 0.807463446811392 0.804891585179065
0.085427135678392 0.834241451323491 0.83144951344647
0.0954773869346734 0.858654615682829 0.855676667426744
0.105527638190955 0.880634544713059 0.87750971768102
0.115577889447236 0.900121590532926 0.896893392713047
0.125628140703518 0.917065052567894 0.913780559300636
0.135678391959799 0.931423339321896 0.928132279096139
0.14572864321608 0.943164091312969 0.939917843804868
0.155778894472362 0.952264264767038 0.949114791111643
0.165829145728643 0.958710175856057 0.955708903314444
0.175879396984925 0.962497505458942 0.959694190347957
0.185929648241206 0.963631264615247 0.961072858547864
0.195979899497488 0.96212572103132 0.95985526613047
0.206030150753769 0.958004287185567 0.956059865954
0.21608040201005 0.951299370762641 0.949713135701468
0.226130653266332 0.942052188324686 0.940849495194702
0.236180904522613 0.930312543300375 0.929511210129462
0.246231155778895 0.916138569538426 0.915748281127193
0.256281407035176 0.89959644183073 0.899618316643502
0.266331658291457 0.88076005496028 0.881186387970048
0.276381909547739 0.859710672970118 0.860524864326505
0.28643216080402 0.836536550480682 0.837713225872581
0.296482412060302 0.811332528003673 0.812837852384464
0.306532663316583 0.784199603310261 0.785991785341132
0.316582914572864 0.755244481009629 0.7572744612569
0.326633165829146 0.724579102579997 0.72679141427794
0.336683417085427 0.692320159168147 0.694653946330552
0.346733668341709 0.658588589534612 0.660978763463057
0.35678391959799 0.623509065570063 0.625887577454754
0.366834170854271 0.587209467843738 0.589506672265243
0.376884422110553 0.549820353667029 0.551966435454583
0.386934673366834 0.511474420164574 0.513400855306617
0.396984924623116 0.472305964841431 0.473946985020161
0.407035175879397 0.432450346118395 0.433744375980771
0.417085427135678 0.392043446278351 0.392934482773719
0.42713567839196 0.351221139225223 0.351660043230942
0.437185929648241 0.31011876540375 0.310064437405573
0.447236180904523 0.268870616163596 0.268291029922234
0.457286432160804 0.22760942977559 0.226482500645891
0.467336683417085 0.186465901221749 0.184780169034082
0.477386934673367 0.145568207784834 0.143323317876109
0.487437185929648 0.105041552358081 0.102248522369351
0.49748743718593 0.0650077262822222 0.0616889906306176
0.507537688442211 0.0255846933956623 0.0217739217849969
0.517587939698493 -0.0131138031445066 -0.0173721122861228
0.527638190954774 -0.0509786098473196 -0.0556297556217154
0.537688442211055 -0.0879055063948818 -0.0928854216340307
0.547738693467337 -0.123795522531839 -0.129031806054018
0.557788944723618 -0.158555227345531 -0.163968354540186
0.5678391959799 -0.19209699009543 -0.197601680657278
0.577889447236181 -0.224339211902803 -0.22984593053676
0.587939698492462 -0.255206527764955 -0.260623091194749
0.597989949748744 -0.284629978511848 -0.289863240191495
0.608040201005025 -0.31254715247581 -0.31750473505596
0.618090452261307 -0.338902296796306 -0.343494341655095
0.628140703517588 -0.363646398430794 -0.367787301445746
0.638190954773869 -0.386737235088596 -0.390347338293612
0.648241206030151 -0.4081393964468 -0.411146606264785
0.658291457286432 -0.427824276144783 -0.43016558047859
0.668341708542714 -0.445770035186265 -0.447392893744025
0.678391959798995 -0.461961537504331 -0.46282512227616
0.688442211055276 -0.476390258564951 -0.476466524294591
0.698492462311558 -0.489054167997677 -0.488328735736658
0.708542713567839 -0.499957587347918 -0.498430427668504
0.718592964824121 -0.509111024143059 -0.506796930243728
0.728643216080402 -0.516530983554334 -0.513459828241106
0.738693467336683 -0.52223975901741 -0.518456533309728
0.748743718592965 -0.526265203246944 -0.521829838064067
0.758793969849246 -0.528640481143591 -0.523627457106549
0.768844221105528 -0.529403806146 -0.523901559916162
0.778894472361809 -0.528598161625157 -0.522708300334827
0.78894472361809 -0.526271008953899 -0.520107347116118
0.798994974874372 -0.52247398391064 -0.516161419681565
0.809045226130653 -0.51726258309331 -0.510935832867164
0.819095477386935 -0.510695842027413 -0.504498054046041
0.829145728643216 -0.502836006651021 -0.496917275591928
0.839195979899497 -0.493748199849791 -0.488264005211553
0.849246231155779 -0.483500084696871 -0.478609676231409
0.85929648241206 -0.472161526026214 -0.468026279484284
0.869346733668342 -0.459804251933686 -0.456586018011554
0.879396984924623 -0.446501516758801 -0.444360985385864
0.889447236180904 -0.432327767051374 -0.431422868071967
0.899497487437186 -0.417358311972301 -0.417842671886692
0.909547738693467 -0.401668999516515 -0.403690472296728
0.919597989949749 -0.38533589987942 -0.389035188008706
0.92964824120603 -0.368434997216316 -0.373944377062256
0.939698492462312 -0.351041890967998 -0.358484054434692
0.949748743718593 -0.333231507845404 -0.342718530006151
0.959798994974874 -0.315077825482409 -0.326710265615747
0.969849246231156 -0.296653608679283 -0.310519749861133
0.979899497487437 -0.278030159070342 -0.294205389253723
0.989949748743719 -0.259277078958635 -0.277823414336622
1 -0.240462049968584 -0.261427799398843
