-1 0.336213476400559 0.432470178830166 -10.874793379653 0.0662848915334997
-0.9921875 0.339254854206525 0.345437721829001 -11.4006930352739 0.0689238823890655
-0.984375 0.341600542125388 0.254412776762375 -11.8964834366121 0.0715839367785006
-0.9765625 0.343220290810643 0.159639378883222 -12.3599438475891 0.0742595002216906
-0.96875 0.344085823124001 0.0613781075551582 -12.7890613781586 0.0769447895352855
-0.9609375 0.344170956947998 -0.0400955733201927 -13.1820397221171 0.0796338087287559
-0.953125 0.343451714792285 -0.144493033240349 -13.5373053568817 0.0823203658086322
-0.9453125 0.341906419815233 -0.251514231536813 -13.8535112016239 0.0849980903861738
-0.9375 0.339515778037386 -0.36084949255743 -14.1295377670753 0.0876604519813644
-0.9296875 0.336262946676251 -0.472181280246954 -14.3644918660701 0.0903007789149828
-0.921875 0.332133588680591 -0.58518595345019 -14.5577029878757 0.0929122776805335
-0.9140625 0.327115913684833 -0.699535484192591 -14.7087174710428 0.0954880526889906
-0.90625 0.321200705738417 -0.81489912236051 -14.8172906383776 0.0980211262815667
-0.8984375 0.314381338289166 -0.930944991583861 -14.8833770832753 0.100504458908976
-0.890625 0.306653777012478 -1.04734160269082 -14.9071193186701 0.102930969379862
-0.8828125 0.298016571177987 -1.16375927282799 -14.8888350179661 0.105293555086065
-0.875 0.2884708343312 -1.27987144018869 -14.8290030912845 0.107585112118185
-0.8671875 0.278020215138665 -1.39535586623382 -14.728248850049 0.109798555191209
-0.859375 0.266670859300838 -1.50989571928995 -14.5873285182781 0.111926837306883
-0.8515625 0.254431363476677 -1.62318053543499 -14.4071133499609 0.113962969086693
-0.84375 0.241312722188071 -1.73490705459769 -14.1885736086638 0.115900037716826
-0.8359375 0.227328268680626 -1.84477993177297 -13.9327626582126 0.117731225454079
-0.828125 0.212493610710646 -1.95251232515773 -13.6408014021438 0.119449827649299
-0.8203125 0.196826562206896 -2.05782636481355 -13.3138632949349 0.12104927025243
-0.8125 0.180347071720956 -2.16045350713742 -12.9531601301318 0.122523126770554
-0.8046875 0.163077148532656 -2.26013478194447 -12.5599287898232 0.123865134657232
-0.796875 0.145040787218496 -2.35662094031973 -12.1354191168733 0.125069211118039
-0.7890625 0.126263891422604 -2.44967251256009 -11.6808830464057 0.126129468323224
-0.78125 0.106774197493017 -2.53905978649244 -11.1975651067078 0.127040228023888
-0.7734375 0.0866011985626406 -2.62456271720833 -10.6866943724922 0.12779603557297
-0.765625 0.0657760695657528 -2.70597077979577 -10.1494779258124 0.128391673356469
-0.7578125 0.0443315935890092 -2.78308277697287 -9.5870958523629 0.128822173643848
-0.75 0.0223020898623604 -2.8557066136386 -9.00069777387676 0.129082830869296
-0.7421875 -0.000276656398350264 -2.92365905025911 -8.39140089130149 0.129169213357533
-0.734375 -0.0233674621774168 -2.98676544671288 -7.76028948880298 0.129077174509172
-0.7265625 -0.0469318128432851 -3.04485950773726 -7.10841582578532 0.128802863461204
-0.71875 -0.0709299263845194 -3.09778304046756 -6.43680232334476 0.128342735238094
-0.7109375 -0.0953208158306016 -3.14538573375506 -5.74644493317734 0.127693560408223
-0.703125 -0.120062350062534 -3.18752496801231 -5.03831756115212 0.126852434259132
-0.6953125 -0.145111313282521 -3.22406566328243 -4.31337740471373 0.125816785503098
-0.6875 -0.170423463467735 -3.25488017208777 -3.57257105310157 0.124584384522309
-0.6796875 -0.195953590179679 -3.27984822240283 -2.81684119212268 0.123153351160141
-0.671875 -0.221655572137557 -3.29885691484127 -2.04713375089444 0.121522162061991
-0.6640625 -0.247482434991009 -3.31180077686929 -1.2644053265285 0.119689657565835
-0.65625 -0.273386409744555 -3.31858187557948 -0.469630724060425 0.117655048139188
-0.6484375 -0.299318992293144 -3.31910998930196 0.336189547107122 0.115417920355582
-0.640625 -0.325231004525566 -3.31330283711326 1.15202197257211 0.112978242400086
-0.6328125 -0.35107265744061 -3.30108636414557 1.97679307180586 0.110336369089891
-0.625 -0.376793616700147 -3.28239507951638 2.80938290962538 0.107493046392536
-0.6171875 -0.402343071014558 -3.25717244270631 3.64861920106551 0.104449415421187
-0.609375 -0.427669803719779 -3.22537129332112 4.49327211675776 0.101207015883414
-0.6015625 -0.452722267862533 -3.18695431839499 5.34204988113307 0.0977677889572473
-0.59375 -0.477448665062038 -3.14189455073074 6.19359524019243 0.0941340795660504
-0.5859375 -0.501797028363461 -3.09017589123609 7.04648285954018 0.0903086380218045
-0.578125 -0.525715309241708 -3.03179364780382 7.89921769715348 0.0862946210049778
-0.5703125 -0.54915146885473 -2.96675508299968 8.75023437925708 0.0820955918481209
-0.5625 -0.572053573584356 -2.89507996266161 9.59789759196022 0.0777155200898025
-0.5546875 -0.594369894840789 -2.8168010974746 10.4405034862418 0.0731587802654422
-0.546875 -0.616049013045066 -2.73196486966049 11.2762820796681 0.068430149902024
-0.5390625 -0.637039925643077 -2.64063173710351 12.1034006250903 0.0635348066845842
-0.53125 -0.657292158945711 -2.54287670751281 12.9199679046655 0.0584783247637418
-0.5234375 -0.676755883533341 -2.43878977558999 13.7240393970022 0.0532666701753655
-0.515625 -0.69538203290956 -2.32847631661464 14.5136232561532 0.0479061953457302
-0.5078125 -0.713122425039602 -2.21205743036953 15.2866870336277 0.0424036326581691
-0.5 -0.729929886363543 -2.08967022988969 16.0411650685961 0.03676608706026
-0.4921875 -0.745758377833631 -1.96146807012226 16.7749664670165 0.0310010276939455
-0.484375 -0.760563122489141 -1.8276207122158 17.4859835874851 0.0251162785346531
-0.4765625 -0.774300734051272 -1.68831441980685 18.1721009501312 0.0191200080294072
-0.46875 -0.786929345994727 -1.54375198432607 18.8312044847638 0.0130207177280688
-0.4609375 -0.79840874053195 -1.39415267699782 19.4611910355999 0.00682722990617292
-0.453125 -0.808700476930317 -1.23975212584456 20.0599780421399 0.000548674182300529
-0.4453125 -0.817768018571773 -1.0808021166239 20.6255133189484 -0.00580552686250223
-0.4375 -0.825576858158405 -0.917570317214788 21.1557848610883 -0.0122256730511055
-0.4296875 -0.832094640465804 -0.750339925523434 21.6488306065636 -0.0187018029456553
-0.421875 -0.8372912820487 -0.579409241496886 22.1027480921947 -0.0252237111304249
-0.4140625 -0.841139087309812 -0.405091164307647 22.5157039446863 -0.0317809664160409
-0.40625 -0.843612860352892 -0.227712616206717 22.8859431541024 -0.0383629309344021
-0.3984375 -0.844690012054205 -0.0476138949335509 23.211798082367 -0.0449587800891361
-0.390625 -0.844350661802807 0.134852043078919 23.4916971646178 -0.051557523322078
-0.3828125 -0.842577733378741 0.319320366155935 23.7241732661319 -0.0581480256520364
-0.375 -0.839357044459244 0.505415214667418 23.9078716619975 -0.064719029938041
-0.3671875 -0.834677389266055 0.692750609086789 24.0415576106366 -0.0712591798153748
-0.359375 -0.828530613891743 0.880931415547304 24.1241234956346 -0.0777570432489822
-0.3515625 -0.820911683869218 1.06955436543254 24.1545955130404 -0.0842011366453405
-0.34375 -0.811818743576413 1.2582091253678 24.1321398833733 -0.0905799494605782
-0.3359375 -0.801253167097059 1.44647941382287 24.056068568996 -0.0968819692395581
-0.328125 -0.789219600188692 1.63394416038919 23.9258444783314 -0.103095707017786
-0.3203125 -0.775725993040352 1.82017870365101 23.7410861386655 -0.109209723015418
-0.3125 -0.760783623534858 2.00475602342702 23.5015718190609 -0.115212652550265
-0.3046875 -0.7444071107641 2.18724800301239 23.2072430843085 -0.121093232094615
-0.296875 -0.726614418580565 2.36722671689895 22.8582077599665 -0.126840325398855
-0.2890625 -0.707426849004194 2.54426573929135 22.4547422875141 -0.132442949603312
-0.28125 -0.68686902534097 2.71794146856911 21.9972934475942 -0.137890301258481
-0.2734375 -0.664968864908145 2.88783446266873 21.4864794283937 -0.143171782172823
-0.265625 -0.641757541301042 3.05353078017758 20.9230902155273 -0.148277025006652
-0.2578125 -0.617269436177744 3.21462332174554 20.3080872795056 -0.153195918530295
-0.25 -0.591542080580864 3.37071316623389 19.6426025370886 -0.15791863246466
-0.2421875 -0.564616085859918 3.52141089583856 18.9279365636866 -0.162435641822716
-0.234375 -0.536535064303509 3.66633790425229 18.1655560355577 -0.166737750671006
-0.2265625 -0.507345539637527 3.80512768177314 17.3570903829545 -0.170816115231412
-0.21875 -0.477096847593731 3.93742707113145 16.5043276386574 -0.174662266244739
-0.2109375 -0.44584102680216 4.06289748770195 15.6092094705245 -0.178268130519515
-0.203125 -0.413632700310572 4.18121609769799 14.6738253918135 -0.181626051591566
-0.1953125 -0.380528948084311 4.29207694791933 13.7004061490634 -0.184728809422474
-0.1875 -0.346589170890128 4.39519204064937 12.6913162942293 -0.187569639068016
-0.1796875 -0.311874946017246 4.4902923473799 11.6490459554599 -0.190142248250984
-0.171875 -0.276449875337819 4.57712875518612 10.5762018293124 -0.192440833776575
-0.1640625 -0.24037942625643 4.65547293978743 9.47549742617264 -0.194460096732588
-0.15625 -0.203730766143773 4.72511815961427 8.34974261005812 -0.1961952564212
-0.1484375 -0.166572590892715 4.78587996556082 7.20183248364639 -0.197642062973848
-0.140625 -0.128974948274826 4.83759682153818 6.03473567912054 -0.198796808605964
-0.1328125 -0.0910090568116871 4.88013063145438 4.85148212504452 -0.199656337473664
-0.125 -0.0527471209072363 4.91336716883212 3.65515036877644 -0.200218054100283
-0.1171875 -0.0142621430144637 4.93721640593137 2.44885454268052 -0.200479930346532
-0.109375 0.0243722663685008 4.95161273996495 1.23573107039716 -0.200440510904203
-0.1015625 0.0630820800620546 4.95651511477572 0.0189252164690296 -0.200098917299623
-0.09375 0.101793046108153 4.95190703717447 -1.1984224114966 -0.199454850399448
-0.0859375 0.14043087938944 4.93779648800968 -2.41318929440442 -0.198508591417771
-0.078125 0.17892145214527 4.91421572894134 -3.6222842502152 -0.197261001429999
-0.0703125 0.217190982576607 4.88122100681005 -4.82266038127377 -0.195713519405259
-0.0625 0.255166220750146 4.8388921584159 -6.01132760256805 -0.193868158775377
-0.0546875 0.292774631037587 4.78733211943505 -7.18536463521576 -0.19172750256452
-0.046875 0.32994457035861 4.7266663420914 -8.34193035348623 -0.189294697109473
-0.0390625 0.366605461535512 4.65704212705164 -9.47827437954197 -0.186573444406033
-0.03125 0.402687961113367 4.57862787580974 -10.5917468277967 -0.183567993122302
-0.0234375 0.438124121051396 4.49161227055734 -11.6798071102629 -0.180283128324443
-0.015625 0.472847543748524 4.39620338918663 -12.7400317253947 -0.176724159964941
-0.0078125 0.506793529928042 4.29262776362904 -13.7701209655778 -0.172896910187324
0 0.539899218972259 4.1811293901862 -14.7679044923957 -0.168807699504792
0.0078125 0.57210372136702 4.06196870084832 -15.7313457439057 -0.164463331913094
0.015625 0.603348242987208 3.93542150481295 -16.6585451541439 -0.159871079000409
0.0234375 0.633576201026737 3.80177790950696 -17.54774218169 -0.15503866311878
0.03125 0.662733331449149 3.66134123037308 -18.3973161610778 -0.149974239682909
0.0390625 0.690767787906694 3.51442689850832 -19.2057860078364 -0.144686378662808
0.046875 0.717630232145659 3.36136137493546 -19.9718088247003 -0.139184045336938
0.0546875 0.743273915982691 3.20248107985344 -20.694177472714 -0.133476580372058
0.0625 0.767654754999942 3.03813134465425 -21.3718171862951 -0.1275736792951
0.0703125 0.790731394165198 2.86866539382006 -22.0037813255037 -0.121485371420987
0.078125 0.812465265635672 2.69444336303469 -22.5892463715388 -0.115221998298524
0.0859375 0.832820639050343 2.51583135897091 -23.1275062825754 -0.108794191734239
0.09375 0.851764664654686 2.3332005652628 -23.6179663362604 -0.102212851451557
0.1015625 0.869267409632927 2.14692639815646 -24.060136592297 -0.0954891224398405
0.109375 0.885301888046142 1.95738771426909 -24.4536251134184 -0.0886343720448316
0.1171875 0.899844084789236 1.76496607179502 -24.7981310855587 -0.0816601668488371
0.125 0.912872973986005 1.57004504539515 -25.0934379781039 -0.0745782493857491
0.1328125 0.924370532239026 1.37300959391311 -25.3394068827112 -0.0674005147327206
0.140625 0.934321747140278 1.17424547899739 -25.535970164346 -0.0601389870170989
0.1484375 0.942714621429342 0.97413873169071 -25.6831255509488 -0.0528057958741152
0.15625 0.949540173159348 0.773075163096446 -25.7809307786306 -0.0454131528879067
0.1640625 0.954792432196933 0.571439914362612 -25.8294988976365 -0.0379733280457642
0.171875 0.958468433342275 0.369617040453798 -25.8289943307175 -0.0304986262330963
0.1796875 0.960568206309369 0.167989121524256 -25.7796297602185 -0.0230013637945503
0.1875 0.961094762756254 -0.0330631048260188 -25.6816639034006 -0.0154938451850411
0.1953125 0.960054080500758 -0.233161097525873 -25.5354002175442 -0.00798833973317076
0.203125 0.957455085000675 -0.431928859603341 -25.3411865575413 -0.000497058538681117
0.2109375 0.953309628119267 -0.628993286818785 -25.0994157893034 0.00696786847480888
0.21875 0.94763246413872 -0.823984524777413 -24.8105273427356 0.0143944153304641
0.2265625 0.940441222926964 -1.01653634173464 -24.475009668583 0.0217706825704597
0.234375 0.931756380108168 -1.20628652395449 -24.0934035445103 0.0290849196069835
0.2421875 0.921601224035506 -1.39287729998279 -23.6663061576404 0.0363255468278516
0.25 0.910001819317463 -1.57595579956142 -23.1943758737942 0.0434811774308118
0.2578125 0.896986966607127 -1.7551745521465 -22.678337588136 0.0505406389585007
0.265625 0.882588158328503 -1.93019202911609 -22.1189885381118 0.0574929945036055
0.2734375 0.86683952998571 -2.10067323277438 -21.5172044477324 0.0643275635511215
0.28125 0.849777806680772 -2.2662903341974 -20.8739458625965 0.0710339424217446
0.2890625 0.831442244454088 -2.42672336083665 -20.1902645277608 0.0776020242774639
0.296875 0.811874566059091 -2.58166093362115 -19.4673096557738 0.0840220186473865
0.3046875 0.791118890789301 -2.73080105209553 -18.7063339299864 0.0902844704288134
0.3125 0.769221657992165 -2.87385192492135 -17.9086990886878 0.0963802783156599
0.3203125 0.746231543929607 -3.01053284187288 -17.0758809386894 0.102300712603549
0.328125 0.72219937168004 -3.14057508229603 -16.2094736526426 0.10803743231838
0.3359375 0.697178013820235 -3.26372285389126 -15.3111932125533 0.113582501612962
0.34375 0.671222287677547 -3.37973425464658 -14.3828798725 0.118928405374441
0.3515625 0.644388843002727 -3.48838224980279 -13.4264995263196 0.124068063983852
0.359375 0.616736041980389 -3.58945565489727 -12.4441438807763 0.128994847168224
0.3671875 0.58832383156696 -3.68276011521881 -11.4380293512398 0.13370258688527
0.375 0.559213608223853 -3.76811907142709 -10.4104946149023 0.138185589180943
0.3828125 0.529468075195442 -3.84537470065729 -9.36399677576916 0.142438644960971
0.390625 0.499151092566027 -3.91438882215056 -8.30110611574595 0.146457039618997
0.3984375 0.468327520416197 -3.9750437563313 -7.2244994268099 0.150236561466084
0.40625 0.437063055485474 -4.02724312629429 -6.13695194014884 0.153773508909233
0.4140625 0.405424061833657 -4.07091259087021 -5.04132788895602 0.157064696330027
0.421875 0.373477396076581 -4.10600049880519 -3.94056976195193 0.160107458618729
0.4296875 0.34129022785181 -4.13247845411248 -2.83768632434755 0.162899654323944
0.4375 0.308929856244926 -4.15034178332784 -1.73573950156397 0.165439667383394
0.4453125 0.276463522976388 -4.15960989621274 -0.637830238297434 0.167726407407331
0.453125 0.243958223211407 -4.16032653239179 0.452916538794402 0.169759308492596
0.4609375 0.211480514909922 -4.15255988746827 1.53336771264058 0.171538326552328
0.46875 0.179096327679721 -4.13640261331983 2.60039836754581 0.173063935153629
0.4765625 0.14687077213236 -4.11197168851873 3.65090861756358 0.174337119863201
0.484375 0.114867950768134 -4.07940815612976 4.68184070044881 0.175359371108872
0.4921875 0.0831507714325211 -4.0388767274958 5.69019616124599 0.176132675573032
0.5 0.051780764392012 -3.99056525200709 6.67305294708932 0.176659506142139
0.5078125 0.0208179040717912 -3.93468405424541 7.62758223478809 0.17694281044468
0.515625 -0.00967956351854996 -3.8714651412808 8.55106481521711 0.17698599801801
0.5234375 -0.0396552866721144 -3.80116128425552 9.44090686336776 0.176792926152434
0.53125 -0.0690549662229233 -3.72404497970102 10.2946549300417 0.176367884468569
0.5390625 -0.0978265052210283 -3.64040729727988 11.1100100004555 0.175715578291335
0.546875 -0.125920149187176 -3.55055662181076 11.8848404763083 0.174841110890877
0.5546875 -0.153288616155319 -3.45481729850511 12.6171939509559 0.173749964667138
0.5625 -0.179887215784876 -3.35352819130639 13.3053076620194 0.172447981360739
0.5703125 -0.20567395690525 -3.24704116506435 13.9476175218044 0.170941341378084
0.578125 -0.230609642941878 -3.13571950298875 14.5427656430588 0.169236542323287
0.5859375 -0.254657954764776 -3.0199362714016 15.0896062956064 0.167340376833448
0.59375 -0.277785520596275 -2.900072644238 15.5872102479743 0.165259909817014
0.6015625 -0.299961972713073 -2.77651620003072 16.0348674670276 0.163002455197433
0.609375 -0.321159990777885 -2.64965920425024 16.432088167555 0.16057555226598
0.6171875 -0.341355331736564 -2.51989688986173 16.7786022224528 0.15798694174852
0.625 -0.360526846316558 -2.38762574880578 17.0743569623793 0.155244541691097
0.6328125 -0.378656482260752 -2.25324184681491 17.3195134112472 0.152356423268557
0.640625 -0.395729274526152 -2.11713917355076 17.5144410204774 0.149330786619013
0.6484375 -0.411733322768406 -1.97970803949384 17.6597109803277 0.146175936804778
0.65625 -0.426659756519928 -1.84133353035051 17.7560882006749 0.142900259997571
0.6640625 -0.440502688550558 -1.70239402896963 17.8045220661898 0.139512199982265
0.671875 -0.453259156974416 -1.56325981389792 17.8061360817803 0.136020235069369
0.6796875 -0.464929056734316 -1.42429174276076 17.7622165333842 0.13243285550171
0.6875 -0.475515061155143 -1.28584002764751 17.6742002965844 0.128758541435666
0.6953125 -0.485022534309606 -1.14824310862306 17.5436619310595 0.125005741571647
0.703125 -0.493459434983331 -1.01182663039334 17.3723002025427 0.121182852502558
0.7109375 -0.500836213061199 -0.876902526037456 17.1619241757544 0.117298198842683
0.71875 -0.507165699183027 -0.743768210597455 16.914439021735 0.113360014192906
0.7265625 -0.512462988534104 -0.612705886201982 16.6318316811905 0.109376422991469
0.734375 -0.516745319644943 -0.483981959306458 16.3161565219596 0.105355423292687
0.7421875 -0.520031949074955 -0.357846569572279 15.9695211236272 0.101304870509184
0.75 -0.522344022847039 -0.234533228892921 15.5940723157603 0.0972324621464139
0.7578125 -0.523704445484654 -0.114258568116714 15.1919825883795 0.093145723551513
0.765625 -0.524137747480247 0.00277781187612031 14.765436984248 0.08905199469196
0.7734375 -0.523669951994561 0.116393388902051 14.3166205725333 0.084958417973151
0.78125 -0.522328441550917 0.2264226729042 13.8477065925411 0.0808719270978911
0.7890625 -0.520141825447738 0.332717069627852 13.360845344723 0.076799236964988
0.796875 -0.517139808567008 0.435144660642317 12.8581538941895 0.0727468345986584
0.8046875 -0.513353062206849 0.533589906271815 12.3417066397109 0.0687209710953523
0.8125 -0.508813097513636 0.62795327836374 11.8135267888233 0.0647276545699024
0.8203125 -0.50355214203382 0.718150830091811 11.2755787673603 0.0607726440786165
0.828125 -0.497603019848666 0.80411371016554 10.7297615796538 0.056861444493098
0.8359375 -0.490999035697134 0.885787628898317 10.1779031239515 0.0529993022951786
0.84375 -0.48377386343391 0.963132283577941 9.6217554564186 0.0491912022604144
0.8515625 -0.475961439111729 1.03612075048997 9.06299098655842 0.0454418649951093
0.859375 -0.467595858920341 1.10473885077147 8.5031995771091 0.0417557452897946
0.8671875 -0.45871128215931 1.16898449702674 7.94388651255166 0.0381370312504951
0.875 -0.44934183936887 1.22886702732476 7.38647129237355 0.0345896441679355
0.8828125 -0.439521545692731 1.2844065328271 6.83228719823788 0.0311172390840693
0.890625 -0.429284219499573 1.33563318487437 6.28258157825435 0.0277232060149224
0.8984375 -0.418663406246153 1.38258656689516 5.73851678666293 0.024410671788706
0.90625 -0.407692307525042 1.42531501600433 5.20117171343667 0.0211825024584473
0.9140625 -0.396403715203953 1.46387497863431 4.67154383558217 0.018041306248975
0.921875 -0.384829950531827 1.49833038400283 4.15055172024395 0.0149894369989481
0.9296875 -0.373002808059256 1.52875203867143 3.63903790907057 0.0120289980597055
0.9375 -0.360953504197548 1.55521704489849 3.13777211362805 0.00916184661399733
0.9453125 -0.348712630221766 1.57780824494637 2.64745465289199 0.00638959837910547
0.953125 -0.336310109508253 1.59661369297108 2.16872006594639 0.00371363266044838
0.9609375 -0.32377515878649 1.61172615561109 1.70214083588698 0.00113509772343974
0.96875 -0.31113625317828 1.62324264190552 1.24823116448677 -0.00134508354687646
0.9765625 -0.298421094794183 1.63126396271552 0.807450741342275 -0.00372620772710458
0.984375 -0.285656584657398 1.6358943194009 0.380208455888286 -0.00600778470458284
0.9921875 -0.272868797728768 1.63724092112056 -0.0331339942490926 -0.00818953131938321
1 -0.26008296081288 1.63541362978249 -0.432258639690631 -0.0102713648225893
