Matrix A:

      6.45       1.23       4.23        5.3 
     0.205       1.28       8.41       2.79 
         9       6.77       2.39       7.17 
      9.38       1.21        2.6       3.38 

Inverse B:

   -0.0968   -0.00499     -0.015      0.188 
    -0.326     0.0978       0.18     0.0497 
    -0.102      0.149    -0.0261     0.0918 
     0.463     -0.136   -0.00248     -0.313 

Product AB (Should be Identity):

         1   1.11e-16   3.92e-16          0 
  2.22e-16          1  -9.28e-17  -2.22e-16 
         0  -1.11e-16          1          0 
 -2.22e-16  -5.55e-17  -1.63e-16          1 

Identity Matrix:

         1          0          0          0 
         0          1          0          0 
         0          0          1          0 
         0          0          0          1 

Is AB ≈ I? True
